 number of threads = 2
  -------------------------------------------------------------
                          ScalarProduct
  -------------------------------------------------------------
         i  |       times        |    s   |      results
  -------------------------------------------------------------
         4  |  0.0490    0.0540  |  0.91  |  66    66
         8  |  0.0550    0.0528  |  1.04  |  112    112
        16  |  0.0509    0.0556  |  0.92  |  276    276
        32  |  0.0545    0.0580  |  0.94  |  516    516
        64  |  0.0529    0.0598  |  0.88  |  947    947
       128  |  0.0604    0.0551  |  1.10  |  1729    1729
       256  |  0.0601    0.0520  |  1.16  |  3704    3704
       512  |  0.0523    0.0537  |  0.97  |  7959    7959
      1024  |  0.0601    0.0587  |  1.02  |  15982    15982
      2048  |  0.0506    0.0563  |  0.90  |  33160    33160
      4096  |  0.0513    0.0521  |  0.99  |  67195    67195
      8192  |  0.0541    0.0636  |  0.85  |  132373    132373
     16384  |  0.0522    0.0515  |  1.01  |  262061    262061
     32768  |  0.0529    0.0545  |  0.97  |  524759    524759
     65536  |  0.0534    0.0520  |  1.03  |  1049331    1049331
    131072  |  0.0571    0.0547  |  1.04  |  2093423    2093423
    262144  |  0.0617    0.0560  |  1.10  |  4193811    4193811
    524288  |  0.0885    0.0637  |  1.39  |  8382516    8382516
   1048576  |  0.1196    0.0708  |  1.69  |  16779600    16779600
   2097152  |  0.1378    0.0905  |  1.52  |  33567472    33567472
   4194304  |  0.2068    0.1320  |  1.57  |  67139965    67139965
   8388608  |  0.3637    0.2317  |  1.57  |  134215337    134215337


  number of threads = 3
  -------------------------------------------------------------
                          ScalarProduct
  -------------------------------------------------------------
         i  |       times        |    s   |      results
  -------------------------------------------------------------
         4  |  0.0513    0.0538  |  0.95  |  66    66
         8  |  0.0636    0.0667  |  0.95  |  112    112
        16  |  0.0748    0.0581  |  1.29  |  276    276
        32  |  0.0701    0.0537  |  1.31  |  516    516
        64  |  0.0547    0.0650  |  0.84  |  947    947
       128  |  0.0585    0.0577  |  1.01  |  1729    1729
       256  |  0.0564    0.0517  |  1.09  |  3704    3704
       512  |  0.0545    0.0514  |  1.06  |  7959    7959
      1024  |  0.0734    0.0517  |  1.42  |  15982    15982
      2048  |  0.0542    0.0539  |  1.01  |  33160    33160
      4096  |  0.0538    0.0577  |  0.93  |  67195    67195
      8192  |  0.0704    0.0551  |  1.28  |  132373    132373
     16384  |  0.0565    0.0513  |  1.10  |  262061    262061
     32768  |  0.0584    0.0516  |  1.13  |  524759    524759
     65536  |  0.0629    0.0517  |  1.22  |  1049331    1049331
    131072  |  0.0764    0.0561  |  1.36  |  2093423    2093423
    262144  |  0.0697    0.0635  |  1.10  |  4193811    4193811
    524288  |  0.0901    0.0612  |  1.47  |  8382516    8382516
   1048576  |  0.1120    0.0640  |  1.75  |  16779600    16779600
   2097152  |  0.1564    0.0805  |  1.94  |  33567472    33567472
   4194304  |  0.2349    0.1063  |  2.21  |  67139965    67139965
   8388608  |  0.3840    0.1727  |  2.22  |  134215337    134215337


  number of threads = 4
  -------------------------------------------------------------
                          ScalarProduct
  -------------------------------------------------------------
         i  |       times        |    s   |      results
  -------------------------------------------------------------
         4  |  0.0518    0.0558  |  0.93  |  66    66
         8  |  0.0589    0.0557  |  1.06  |  112    112
        16  |  0.0787    0.0535  |  1.47  |  276    276
        32  |  0.0585    0.0505  |  1.16  |  516    516
        64  |  0.0567    0.0653  |  0.87  |  947    947
       128  |  0.0568    0.0660  |  0.86  |  1729    1729
       256  |  0.0746    0.0505  |  1.48  |  3704    3704
       512  |  0.0625    0.0737  |  0.85  |  7959    7959
      1024  |  0.0774    0.0601  |  1.29  |  15982    15982
      2048  |  0.0684    0.0551  |  1.24  |  33160    33160
      4096  |  0.0586    0.0650  |  0.90  |  67195    67195
      8192  |  0.0690    0.0548  |  1.26  |  132373    132373
     16384  |  0.0715    0.0535  |  1.34  |  262061    262061
     32768  |  0.0548    0.0552  |  0.99  |  524759    524759
     65536  |  0.0585    0.0606  |  0.97  |  1049331    1049331
    131072  |  0.0900    0.0678  |  1.33  |  2093423    2093423
    262144  |  0.0768    0.0560  |  1.37  |  4193811    4193811
    524288  |  0.0890    0.0563  |  1.58  |  8382516    8382516
   1048576  |  0.1008    0.0619  |  1.63  |  16779600    16779600
   2097152  |  0.1516    0.0754  |  2.01  |  33567472    33567472
   4194304  |  0.2212    0.1048  |  2.11  |  67139965    67139965
   8388608  |  0.3810    0.1498  |  2.54  |  134215337    134215337


  number of threads = 5
  -------------------------------------------------------------
                          ScalarProduct
  -------------------------------------------------------------
         i  |       times        |    s   |      results
  -------------------------------------------------------------
         4  |  0.0679    0.0718  |  0.95  |  66    66
         8  |  0.0759    0.0670  |  1.13  |  112    112
        16  |  0.0809    0.0588  |  1.37  |  276    276
        32  |  0.0718    0.0527  |  1.36  |  516    516
        64  |  0.0989    0.0535  |  1.85  |  947    947
       128  |  0.0542    0.0853  |  0.64  |  1729    1729
       256  |  0.0650    0.0519  |  1.25  |  3704    3704
       512  |  0.0909    0.0720  |  1.26  |  7959    7959
      1024  |  0.0864    0.0759  |  1.14  |  15982    15982
      2048  |  0.0587    0.0541  |  1.08  |  33160    33160
      4096  |  0.0908    0.0520  |  1.75  |  67195    67195
      8192  |  0.0651    0.0777  |  0.84  |  132373    132373
     16384  |  0.0782    0.0590  |  1.32  |  262061    262061
     32768  |  0.0818    0.0528  |  1.55  |  524759    524759
     65536  |  0.0930    0.0775  |  1.20  |  1049331    1049331
    131072  |  0.0681    0.0723  |  0.94  |  2093423    2093423
    262144  |  0.0852    0.0551  |  1.55  |  4193811    4193811
    524288  |  0.0875    0.0619  |  1.41  |  8382516    8382516
   1048576  |  0.1325    0.0611  |  2.17  |  16779600    16779600
   2097152  |  0.1388    0.0937  |  1.48  |  33567472    33567472
   4194304  |  0.2339    0.1160  |  2.02  |  67139965    67139965
   8388608  |  0.3734    0.1671  |  2.23  |  134215337    134215337


  number of threads = 6
  -------------------------------------------------------------
                          ScalarProduct
  -------------------------------------------------------------
         i  |       times        |    s   |      results
  -------------------------------------------------------------
         4  |  0.0650    0.0794  |  0.82  |  66    66
         8  |  0.0734    0.0643  |  1.14  |  112    112
        16  |  0.0857    0.0540  |  1.59  |  276    276
        32  |  0.0837    0.0596  |  1.40  |  516    516
        64  |  0.0812    0.0593  |  1.37  |  947    947
       128  |  0.0867    0.0721  |  1.20  |  1729    1729
       256  |  0.0807    0.0700  |  1.15  |  3704    3704
       512  |  0.0872    0.0709  |  1.23  |  7959    7959
      1024  |  0.0785    0.0687  |  1.14  |  15982    15982
      2048  |  0.0839    0.0612  |  1.37  |  33160    33160
      4096  |  0.0882    0.0548  |  1.61  |  67195    67195
      8192  |  0.0831    0.0730  |  1.14  |  132373    132373
     16384  |  0.0716    0.0649  |  1.10  |  262061    262061
     32768  |  0.0813    0.0695  |  1.17  |  524759    524759
     65536  |  0.0712    0.0742  |  0.96  |  1049331    1049331
    131072  |  0.0760    0.0547  |  1.39  |  2093423    2093423
    262144  |  0.0925    0.0653  |  1.42  |  4193811    4193811
    524288  |  0.1007    0.0712  |  1.41  |  8382516    8382516
   1048576  |  0.1191    0.0860  |  1.38  |  16779600    16779600
   2097152  |  0.1634    0.0961  |  1.70  |  33567472    33567472
   4194304  |  0.2136    0.0990  |  2.16  |  67139965    67139965
   8388608  |  0.3948    0.1361  |  2.90  |  134215337    134215337


  number of threads = 7
  -------------------------------------------------------------
                          ScalarProduct
  -------------------------------------------------------------
         i  |       times        |    s   |      results
  -------------------------------------------------------------
         4  |  0.0730    0.0801  |  0.91  |  66    66
         8  |  0.0804    0.0697  |  1.15  |  112    112
        16  |  0.0798    0.0721  |  1.11  |  276    276
        32  |  0.0807    0.0666  |  1.21  |  516    516
        64  |  0.0778    0.0721  |  1.08  |  947    947
       128  |  0.0833    0.0737  |  1.13  |  1729    1729
       256  |  0.0795    0.0691  |  1.15  |  3704    3704
       512  |  0.0881    0.0733  |  1.20  |  7959    7959
      1024  |  0.0767    0.0757  |  1.01  |  15982    15982
      2048  |  0.0818    0.0615  |  1.33  |  33160    33160
      4096  |  0.0846    0.0717  |  1.18  |  67195    67195
      8192  |  0.0780    0.0765  |  1.02  |  132373    132373
     16384  |  0.0757    0.0665  |  1.14  |  262061    262061
     32768  |  0.0837    0.0749  |  1.12  |  524759    524759
     65536  |  0.0848    0.0727  |  1.17  |  1049331    1049331
    131072  |  0.0829    0.0673  |  1.23  |  2093423    2093423
    262144  |  0.0854    0.0774  |  1.10  |  4193811    4193811
    524288  |  0.0909    0.0806  |  1.13  |  8382516    8382516
   1048576  |  0.1094    0.0849  |  1.29  |  16779600    16779600
   2097152  |  0.1587    0.0778  |  2.04  |  33567472    33567472
   4194304  |  0.2354    0.1171  |  2.01  |  67139965    67139965
   8388608  |  0.3940    0.1356  |  2.91  |  134215337    134215337


  number of threads = 8
  -------------------------------------------------------------
                          ScalarProduct
  -------------------------------------------------------------
         i  |       times        |    s   |      results
  -------------------------------------------------------------
         4  |  0.0846    0.0768  |  1.10  |  66    66
         8  |  0.0669    0.0765  |  0.88  |  112    112
        16  |  0.0763    0.0754  |  1.01  |  276    276
        32  |  0.0772    0.0671  |  1.15  |  516    516
        64  |  0.0830    0.0733  |  1.13  |  947    947
       128  |  0.0865    0.0713  |  1.21  |  1729    1729
       256  |  0.0822    0.0622  |  1.32  |  3704    3704
       512  |  0.0853    0.0693  |  1.23  |  7959    7959
      1024  |  0.0758    0.0718  |  1.06  |  15982    15982
      2048  |  0.0810    0.0714  |  1.14  |  33160    33160
      4096  |  0.0850    0.0749  |  1.13  |  67195    67195
      8192  |  0.0786    0.0755  |  1.04  |  132373    132373
     16384  |  0.0797    0.0710  |  1.12  |  262061    262061
     32768  |  0.0833    0.0757  |  1.10  |  524759    524759
     65536  |  0.0819    0.0744  |  1.10  |  1049331    1049331
    131072  |  0.0852    0.0769  |  1.11  |  2093423    2093423
    262144  |  0.0913    0.0685  |  1.33  |  4193811    4193811
    524288  |  0.0980    0.0768  |  1.28  |  8382516    8382516
   1048576  |  0.1173    0.0821  |  1.43  |  16779600    16779600
   2097152  |  0.1532    0.0859  |  1.78  |  33567472    33567472
   4194304  |  0.2382    0.1077  |  2.21  |  67139965    67139965
   8388608  |  0.3872    0.1287  |  3.01  |  134215337    134215337




==================================================================================================================================

  number of threads = 2
  -------------------------------------------------------------
                        Max Min In Matrix
  -------------------------------------------------------------
         i  |       times        |    s   |      results
  -------------------------------------------------------------
         1  |  0.0000    0.0011  |  0.00  |  24670    24670
         2  |  0.0000    0.0000  |  0.48  |  23327    23327
         4  |  0.0000    0.0000  |  0.44  |  19156    19156
         8  |  0.0000    0.0000  |  0.31  |  11054    11054
        16  |  0.0000    0.0000  |  0.62  |  6464    6464
        32  |  0.0000    0.0000  |  0.76  |  3767    3767
        64  |  0.0000    0.0000  |  2.18  |  2102    2102
       128  |  0.0001    0.0000  |  2.26  |  1171    1171
       256  |  0.0002    0.0001  |  1.55  |  791    791
       512  |  0.0006    0.0003  |  1.68  |  446    446
      1024  |  0.0022    0.0011  |  2.08  |  230    230
      2048  |  0.0094    0.0040  |  2.35  |  139    139
      4096  |  0.0349    0.0157  |  2.23  |  73    73
      8192  |  0.1352    0.0625  |  2.16  |  31    31
     16384  |  0.5322    0.2505  |  2.12  |  20    20

                   Max Min In Triangular Matrix
  -------------------------------------------------------------
         i  |       times        |    s   |      results
  -------------------------------------------------------------
         1  |  0.0000    0.0000  |  0.34  |  24670    24670
         2  |  0.0000    0.0000  |  0.54  |  24670    24670
         4  |  0.0000    0.0000  |  0.77  |  24670    24670
         8  |  0.0000    0.0000  |  1.03  |  24670    24670
        16  |  0.0000    0.0000  |  1.18  |  24670    24670
        32  |  0.0000    0.0000  |  1.48  |  24670    24670
        64  |  0.0000    0.0000  |  1.66  |  24670    24670
       128  |  0.0000    0.0000  |  1.91  |  24670    24670
       256  |  0.0001    0.0001  |  1.75  |  24670    24670
       512  |  0.0004    0.0002  |  1.53  |  24670    24670
      1024  |  0.0012    0.0010  |  1.26  |  24670    24670
      2048  |  0.0048    0.0035  |  1.36  |  24670    24670
      4096  |  0.0235    0.0126  |  1.86  |  24670    24670
      8192  |  0.0718    0.0543  |  1.32  |  24670    24670
     16384  |  0.2656    0.2025  |  1.31  |  24670    24670


  number of threads = 3
  -------------------------------------------------------------
                        Max Min In Matrix
  -------------------------------------------------------------
         i  |       times        |    s   |      results
  -------------------------------------------------------------
         1  |  0.0000    0.0018  |  0.00  |  24670    24670
         2  |  0.0000    0.0000  |  0.24  |  23327    23327
         4  |  0.0000    0.0000  |  1.06  |  19156    19156
         8  |  0.0000    0.0000  |  0.34  |  11054    11054
        16  |  0.0000    0.0000  |  1.15  |  6464    6464
        32  |  0.0000    0.0000  |  1.55  |  3767    3767
        64  |  0.0000    0.0000  |  2.31  |  2102    2102
       128  |  0.0001    0.0000  |  2.92  |  1171    1171
       256  |  0.0003    0.0001  |  3.28  |  791    791
       512  |  0.0008    0.0003  |  2.29  |  446    446
      1024  |  0.0023    0.0013  |  1.81  |  230    230
      2048  |  0.0093    0.0049  |  1.89  |  139    139
      4096  |  0.0369    0.0107  |  3.45  |  73    73
      8192  |  0.1479    0.0564  |  2.62  |  31    31
     16384  |  0.5487    0.2035  |  2.70  |  20    20

                   Max Min In Triangular Matrix
  -------------------------------------------------------------
         i  |       times        |    s   |      results
  -------------------------------------------------------------
         1  |  0.0000    0.0000  |  0.33  |  24670    24670
         2  |  0.0000    0.0000  |  0.49  |  24670    24670
         4  |  0.0000    0.0000  |  0.76  |  24670    24670
         8  |  0.0000    0.0000  |  0.62  |  24670    24670
        16  |  0.0000    0.0000  |  1.30  |  24670    24670
        32  |  0.0000    0.0000  |  1.89  |  24670    24670
        64  |  0.0000    0.0000  |  2.78  |  24670    24670
       128  |  0.0000    0.0000  |  1.55  |  24670    24670
       256  |  0.0003    0.0001  |  3.21  |  24670    24670
       512  |  0.0010    0.0002  |  4.18  |  24670    24670
      1024  |  0.0025    0.0012  |  1.99  |  24670    24670
      2048  |  0.0054    0.0026  |  2.04  |  24670    24670
      4096  |  0.0223    0.0220  |  1.01  |  24670    24670
      8192  |  0.0971    0.0474  |  2.05  |  24670    24670
     16384  |  0.2757    0.1917  |  1.44  |  24670    24670


  number of threads = 4
  -------------------------------------------------------------
                        Max Min In Matrix
  -------------------------------------------------------------
         i  |       times        |    s   |      results
  -------------------------------------------------------------
         1  |  0.0000    0.0024  |  0.00  |  24670    24670
         2  |  0.0000    0.0000  |  0.39  |  23327    23327
         4  |  0.0000    0.0000  |  0.71  |  19156    19156
         8  |  0.0000    0.0000  |  1.07  |  11054    11054
        16  |  0.0000    0.0000  |  1.07  |  6464    6464
        32  |  0.0000    0.0000  |  2.73  |  3767    3767
        64  |  0.0000    0.0000  |  4.38  |  2102    2102
       128  |  0.0001    0.0000  |  5.98  |  1171    1171
       256  |  0.0005    0.0001  |  6.18  |  791    791
       512  |  0.0017    0.0003  |  6.50  |  446    446
      1024  |  0.0027    0.0010  |  2.75  |  230    230
      2048  |  0.0088    0.0038  |  2.34  |  139    139
      4096  |  0.0530    0.0168  |  3.16  |  73    73
      8192  |  0.1559    0.0688  |  2.27  |  31    31
     16384  |  0.5524    0.1721  |  3.21  |  20    20

                   Max Min In Triangular Matrix
  -------------------------------------------------------------
         i  |       times        |    s   |      results
  -------------------------------------------------------------
         1  |  0.0000    0.0000  |  0.41  |  24670    24670
         2  |  0.0000    0.0000  |  0.50  |  24670    24670
         4  |  0.0000    0.0000  |  0.50  |  24670    24670
         8  |  0.0000    0.0000  |  0.73  |  24670    24670
        16  |  0.0000    0.0000  |  1.31  |  24670    24670
        32  |  0.0000    0.0000  |  2.24  |  24670    24670
        64  |  0.0000    0.0000  |  2.30  |  24670    24670
       128  |  0.0001    0.0000  |  2.57  |  24670    24670
       256  |  0.0001    0.0001  |  2.12  |  24670    24670
       512  |  0.0006    0.0002  |  2.35  |  24670    24670
      1024  |  0.0036    0.0006  |  6.49  |  24670    24670
      2048  |  0.0047    0.0019  |  2.43  |  24670    24670
      4096  |  0.0177    0.0114  |  1.55  |  24670    24670
      8192  |  0.0915    0.0291  |  3.14  |  24670    24670
     16384  |  0.3059    0.1358  |  2.25  |  24670    24670


  number of threads = 5
  -------------------------------------------------------------
                        Max Min In Matrix
  -------------------------------------------------------------
         i  |       times        |    s   |      results
  -------------------------------------------------------------
         1  |  0.0000    0.0054  |  0.00  |  24670    24670
         2  |  0.0000    0.0000  |  0.45  |  23327    23327
         4  |  0.0000    0.0000  |  0.79  |  19156    19156
         8  |  0.0000    0.0000  |  1.00  |  11054    11054
        16  |  0.0000    0.0000  |  1.27  |  6464    6464
        32  |  0.0000    0.0000  |  1.57  |  3767    3767
        64  |  0.0000    0.0000  |  2.76  |  2102    2102
       128  |  0.0001    0.0000  |  3.89  |  1171    1171
       256  |  0.0003    0.0001  |  2.45  |  791    791
       512  |  0.0007    0.0002  |  2.95  |  446    446
      1024  |  0.0025    0.0008  |  3.24  |  230    230
      2048  |  0.0110    0.0031  |  3.58  |  139    139
      4096  |  0.0439    0.0118  |  3.73  |  73    73
      8192  |  0.1672    0.0523  |  3.19  |  31    31
     16384  |  0.5788    0.1416  |  4.09  |  20    20

                   Max Min In Triangular Matrix
  -------------------------------------------------------------
         i  |       times        |    s   |      results
  -------------------------------------------------------------
         1  |  0.0000    0.0000  |  0.37  |  24670    24670
         2  |  0.0000    0.0000  |  0.70  |  24670    24670
         4  |  0.0000    0.0000  |  0.57  |  24670    24670
         8  |  0.0000    0.0000  |  0.75  |  24670    24670
        16  |  0.0000    0.0000  |  1.34  |  24670    24670
        32  |  0.0000    0.0000  |  1.42  |  24670    24670
        64  |  0.0000    0.0000  |  2.16  |  24670    24670
       128  |  0.0001    0.0000  |  2.88  |  24670    24670
       256  |  0.0003    0.0001  |  4.29  |  24670    24670
       512  |  0.0010    0.0003  |  3.96  |  24670    24670
      1024  |  0.0038    0.0008  |  5.01  |  24670    24670
      2048  |  0.0072    0.0029  |  2.51  |  24670    24670
      4096  |  0.0289    0.0091  |  3.19  |  24670    24670
      8192  |  0.1037    0.0370  |  2.80  |  24670    24670
     16384  |  0.3225    0.1425  |  2.26  |  24670    24670


  number of threads = 6
  -------------------------------------------------------------
                        Max Min In Matrix
  -------------------------------------------------------------
         i  |       times        |    s   |      results
  -------------------------------------------------------------
         1  |  0.0000    0.0047  |  0.00  |  24670    24670
         2  |  0.0000    0.0000  |  0.79  |  23327    23327
         4  |  0.0000    0.0000  |  0.72  |  19156    19156
         8  |  0.0000    0.0000  |  0.74  |  11054    11054
        16  |  0.0000    0.0000  |  0.74  |  6464    6464
        32  |  0.0000    0.0000  |  1.73  |  3767    3767
        64  |  0.0000    0.0000  |  2.75  |  2102    2102
       128  |  0.0001    0.0000  |  6.55  |  1171    1171
       256  |  0.0003    0.0001  |  5.49  |  791    791
       512  |  0.0015    0.0002  |  6.69  |  446    446
      1024  |  0.0051    0.0008  |  6.53  |  230    230
      2048  |  0.0227    0.0025  |  8.93  |  139    139
      4096  |  0.0717    0.0100  |  7.14  |  73    73
      8192  |  0.1965    0.0445  |  4.42  |  31    31
     16384  |  0.5984    0.1525  |  3.92  |  20    20

                   Max Min In Triangular Matrix
  -------------------------------------------------------------
         i  |       times        |    s   |      results
  -------------------------------------------------------------
         1  |  0.0000    0.0000  |  0.45  |  24670    24670
         2  |  0.0000    0.0000  |  0.87  |  24670    24670
         4  |  0.0000    0.0000  |  0.75  |  24670    24670
         8  |  0.0000    0.0000  |  0.87  |  24670    24670
        16  |  0.0000    0.0000  |  1.46  |  24670    24670
        32  |  0.0000    0.0000  |  1.75  |  24670    24670
        64  |  0.0000    0.0000  |  2.23  |  24670    24670
       128  |  0.0001    0.0000  |  5.14  |  24670    24670
       256  |  0.0003    0.0000  |  6.01  |  24670    24670
       512  |  0.0009    0.0002  |  5.27  |  24670    24670
      1024  |  0.0039    0.0007  |  5.46  |  24670    24670
      2048  |  0.0144    0.0020  |  7.15  |  24670    24670
      4096  |  0.0220    0.0096  |  2.30  |  24670    24670
      8192  |  0.1179    0.0285  |  4.14  |  24670    24670
     16384  |  0.2976    0.1319  |  2.26  |  24670    24670


  number of threads = 7
  -------------------------------------------------------------
                        Max Min In Matrix
  -------------------------------------------------------------
         i  |       times        |    s   |      results
  -------------------------------------------------------------
         1  |  0.0000    0.0044  |  0.00  |  24670    24670
         2  |  0.0000    0.0000  |  0.58  |  23327    23327
         4  |  0.0000    0.0000  |  0.67  |  19156    19156
         8  |  0.0000    0.0000  |  0.65  |  11054    11054
        16  |  0.0000    0.0000  |  0.84  |  6464    6464
        32  |  0.0000    0.0000  |  1.49  |  3767    3767
        64  |  0.0000    0.0000  |  2.81  |  2102    2102
       128  |  0.0001    0.0000  |  2.23  |  1171    1171
       256  |  0.0004    0.0001  |  6.07  |  791    791
       512  |  0.0014    0.0002  |  9.13  |  446    446
      1024  |  0.0039    0.0006  |  6.72  |  230    230
      2048  |  0.0247    0.0022  |  11.28  |  139    139
      4096  |  0.0921    0.0088  |  10.50  |  73    73
      8192  |  0.2029    0.0407  |  4.99  |  31    31
     16384  |  0.6039    0.1451  |  4.16  |  20    20

                   Max Min In Triangular Matrix
  -------------------------------------------------------------
         i  |       times        |    s   |      results
  -------------------------------------------------------------
         1  |  0.0000    0.0000  |  0.21  |  24670    24670
         2  |  0.0000    0.0000  |  0.43  |  24670    24670
         4  |  0.0000    0.0000  |  0.32  |  24670    24670
         8  |  0.0000    0.0000  |  0.89  |  24670    24670
        16  |  0.0000    0.0000  |  1.70  |  24670    24670
        32  |  0.0000    0.0000  |  1.92  |  24670    24670
        64  |  0.0000    0.0000  |  3.34  |  24670    24670
       128  |  0.0001    0.0000  |  3.03  |  24670    24670
       256  |  0.0002    0.0001  |  4.39  |  24670    24670
       512  |  0.0008    0.0002  |  4.65  |  24670    24670
      1024  |  0.0022    0.0006  |  3.56  |  24670    24670
      2048  |  0.0048    0.0025  |  1.94  |  24670    24670
      4096  |  0.0287    0.0098  |  2.94  |  24670    24670
      8192  |  0.1334    0.0348  |  3.84  |  24670    24670
     16384  |  0.3275    0.1252  |  2.62  |  24670    24670


  number of threads = 8
  -------------------------------------------------------------
                        Max Min In Matrix
  -------------------------------------------------------------
         i  |       times        |    s   |      results
  -------------------------------------------------------------
         1  |  0.0000    0.0052  |  0.00  |  24670    24670
         2  |  0.0000    0.0000  |  0.32  |  23327    23327
         4  |  0.0000    0.0000  |  0.29  |  19156    19156
         8  |  0.0000    0.0000  |  0.22  |  11054    11054
        16  |  0.0000    0.0000  |  0.72  |  6464    6464
        32  |  0.0000    0.0000  |  1.17  |  3767    3767
        64  |  0.0000    0.0000  |  1.75  |  2102    2102
       128  |  0.0001    0.0000  |  3.81  |  1171    1171
       256  |  0.0003    0.0001  |  4.64  |  791    791
       512  |  0.0015    0.0001  |  10.34  |  446    446
      1024  |  0.0041    0.0009  |  4.76  |  230    230
      2048  |  0.0231    0.0019  |  11.92  |  139    139
      4096  |  0.0952    0.0076  |  12.49  |  73    73
      8192  |  0.2019    0.0326  |  6.20  |  31    31
     16384  |  0.6015    0.1242  |  4.84  |  20    20

                   Max Min In Triangular Matrix
  -------------------------------------------------------------
         i  |       times        |    s   |      results
  -------------------------------------------------------------
         1  |  0.0000    0.0000  |  0.07  |  24670    24670
         2  |  0.0000    0.0000  |  0.18  |  24670    24670
         4  |  0.0000    0.0000  |  0.15  |  24670    24670
         8  |  0.0000    0.0000  |  0.25  |  24670    24670
        16  |  0.0000    0.0000  |  0.59  |  24670    24670
        32  |  0.0000    0.0000  |  0.78  |  24670    24670
        64  |  0.0000    0.0000  |  1.09  |  24670    24670
       128  |  0.0001    0.0000  |  2.56  |  24670    24670
       256  |  0.0002    0.0000  |  5.44  |  24670    24670
       512  |  0.0007    0.0002  |  4.34  |  24670    24670
      1024  |  0.0034    0.0005  |  6.25  |  24670    24670
      2048  |  0.0135    0.0022  |  6.16  |  24670    24670
      4096  |  0.0548    0.0092  |  5.93  |  24670    24670
      8192  |  0.1353    0.0301  |  4.50  |  24670    24670
     16384  |  0.3540    0.1105  |  3.21  |  24670    24670




==================================================================================================================================


  number of threads = 2
  -------------------------------------------------------------
                        Riemann Integral
  -------------------------------------------------------------
         i  |       times        |    s   |      results
  -------------------------------------------------------------
         2  |  0.0000    0.0009  |  0.00  |  1.0000    1.0000
         4  |  0.0000    0.0000  |  0.05  |  0.7500    0.7500
         8  |  0.0000    0.0000  |  0.08  |  0.6875    0.6875
        16  |  0.0000    0.0000  |  0.02  |  0.6719    0.6719
        32  |  0.0000    0.0000  |  0.11  |  0.6680    0.6680
        64  |  0.0000    0.0000  |  0.13  |  0.6670    0.6670
       128  |  0.0000    0.0000  |  0.43  |  0.6667    0.6667
       256  |  0.0000    0.0000  |  0.72  |  0.6667    0.6667
       512  |  0.0000    0.0000  |  1.23  |  0.6667    0.6667
      1024  |  0.0000    0.0000  |  1.42  |  0.6667    0.6667
      2048  |  0.0001    0.0000  |  1.60  |  0.6667    0.6667
      4096  |  0.0001    0.0001  |  1.53  |  0.6667    0.6667
      8192  |  0.0003    0.0002  |  1.51  |  0.6667    0.6667
     16384  |  0.0004    0.0002  |  1.84  |  0.6667    0.6667
     32768  |  0.0007    0.0004  |  1.75  |  0.6667    0.6667
     65536  |  0.0014    0.0009  |  1.60  |  0.6667    0.6667
    131072  |  0.0029    0.0015  |  1.93  |  0.6667    0.6667
    262144  |  0.0061    0.0032  |  1.89  |  0.6667    0.6667
    524288  |  0.0111    0.0059  |  1.88  |  0.6667    0.6667
   1048576  |  0.0217    0.0126  |  1.72  |  0.6667    0.6667
   2097152  |  0.0573    0.0243  |  2.36  |  0.6667    0.6667
   4194304  |  0.0885    0.0550  |  1.61  |  0.6667    0.6667
   8388608  |  0.1951    0.1023  |  1.91  |  0.6667    0.6667
  16777216  |  0.3602    0.2288  |  1.57  |  0.6667    0.6667
  33554432  |  0.7391    0.4157  |  1.78  |  0.6667    0.6667
  67108864  |  1.5404    0.7765  |  1.98  |  0.6667    0.6667

                      Trapezoidal Integral
  -------------------------------------------------------------
         i  |       times        |    s   |      results
  -------------------------------------------------------------
         2  |  0.0000    0.0000  |  0.07  |  1.0000    1.0000
         4  |  0.0000    0.0000  |  0.11  |  0.7500    0.7500
         8  |  0.0000    0.0000  |  0.28  |  0.6875    0.6875
        16  |  0.0000    0.0000  |  0.28  |  0.6719    0.6719
        32  |  0.0000    0.0000  |  0.88  |  0.6680    0.6680
        64  |  0.0000    0.0000  |  0.89  |  0.6670    0.6670
       128  |  0.0000    0.0000  |  0.78  |  0.6667    0.6667
       256  |  0.0000    0.0000  |  1.33  |  0.6667    0.6667
       512  |  0.0000    0.0000  |  1.62  |  0.6667    0.6667
      1024  |  0.0000    0.0000  |  1.79  |  0.6667    0.6667
      2048  |  0.0001    0.0000  |  1.97  |  0.6667    0.6667
      4096  |  0.0002    0.0001  |  1.89  |  0.6667    0.6667
      8192  |  0.0004    0.0002  |  2.10  |  0.6667    0.6667
     16384  |  0.0007    0.0004  |  1.89  |  0.6667    0.6667
     32768  |  0.0016    0.0007  |  2.14  |  0.6667    0.6667
     65536  |  0.0029    0.0014  |  2.03  |  0.6667    0.6667
    131072  |  0.0058    0.0029  |  2.00  |  0.6667    0.6667
    262144  |  0.0116    0.0058  |  2.01  |  0.6667    0.6667
    524288  |  0.0235    0.0122  |  1.92  |  0.6667    0.6667
   1048576  |  0.0468    0.0231  |  2.02  |  0.6667    0.6667
   2097152  |  0.0980    0.0473  |  2.07  |  0.6667    0.6667
   4194304  |  0.1927    0.0935  |  2.06  |  0.6667    0.6667
   8388608  |  0.3764    0.1991  |  1.89  |  0.6667    0.6667
  16777216  |  0.7728    0.3779  |  2.05  |  0.6667    0.6667
  33554432  |  1.5022    0.7736  |  1.94  |  0.6667    0.6667
  67108864  |  2.9860    1.5109  |  1.98  |  0.6667    0.6667

                        Simpson Integral
  -------------------------------------------------------------
         i  |       times        |    s   |      results
  -------------------------------------------------------------
         2  |  0.0000    0.0000  |  0.02  |  0.6667    0.6667
         4  |  0.0000    0.0000  |  0.11  |  0.6667    0.6667
         8  |  0.0000    0.0000  |  0.17  |  0.6667    0.6667
        16  |  0.0000    0.0000  |  0.33  |  0.6667    0.6667
        32  |  0.0000    0.0000  |  0.59  |  0.6667    0.6667
        64  |  0.0000    0.0000  |  0.89  |  0.6667    0.6667
       128  |  0.0000    0.0000  |  1.22  |  0.6667    0.6667
       256  |  0.0000    0.0000  |  1.62  |  0.6667    0.6667
       512  |  0.0000    0.0000  |  1.70  |  0.6667    0.6667
      1024  |  0.0001    0.0000  |  1.70  |  0.6667    0.6667
      2048  |  0.0001    0.0001  |  1.85  |  0.6667    0.6667
      4096  |  0.0003    0.0001  |  1.98  |  0.6667    0.6667
      8192  |  0.0005    0.0003  |  2.03  |  0.6667    0.6667
     16384  |  0.0010    0.0005  |  1.99  |  0.6667    0.6667
     32768  |  0.0020    0.0012  |  1.65  |  0.6667    0.6667
     65536  |  0.0040    0.0022  |  1.83  |  0.6667    0.6667
    131072  |  0.0084    0.0041  |  2.06  |  0.6667    0.6667
    262144  |  0.0167    0.0087  |  1.93  |  0.6667    0.6667
    524288  |  0.0430    0.0164  |  2.63  |  0.6667    0.6667
   1048576  |  0.0642    0.0374  |  1.72  |  0.6667    0.6667
   2097152  |  0.1405    0.0656  |  2.14  |  0.6667    0.6667
   4194304  |  0.2673    0.1366  |  1.96  |  0.6667    0.6667
   8388608  |  0.5415    0.2634  |  2.06  |  0.6667    0.6667
  16777216  |  1.0854    0.5339  |  2.03  |  0.6667    0.6667
  33554432  |  2.0817    1.0690  |  1.95  |  0.6667    0.6667
  67108864  |  4.1918    2.1496  |  1.95  |  0.6667    0.6667


  number of threads = 3
  -------------------------------------------------------------
                        Riemann Integral
  -------------------------------------------------------------
         i  |       times        |    s   |      results
  -------------------------------------------------------------
         2  |  0.0000    0.0016  |  0.00  |  1.0000    1.0000
         4  |  0.0000    0.0000  |  0.03  |  0.7500    0.7500
         8  |  0.0000    0.0000  |  0.09  |  0.6875    0.6875
        16  |  0.0000    0.0000  |  0.20  |  0.6719    0.6719
        32  |  0.0000    0.0000  |  0.36  |  0.6680    0.6680
        64  |  0.0000    0.0000  |  0.80  |  0.6670    0.6670
       128  |  0.0000    0.0000  |  1.35  |  0.6667    0.6667
       256  |  0.0000    0.0000  |  2.46  |  0.6667    0.6667
       512  |  0.0000    0.0000  |  4.16  |  0.6667    0.6667
      1024  |  0.0001    0.0000  |  4.41  |  0.6667    0.6667
      2048  |  0.0001    0.0000  |  4.43  |  0.6667    0.6667
      4096  |  0.0002    0.0000  |  4.68  |  0.6667    0.6667
      8192  |  0.0004    0.0001  |  4.84  |  0.6667    0.6667
     16384  |  0.0008    0.0002  |  4.85  |  0.6667    0.6667
     32768  |  0.0016    0.0003  |  5.04  |  0.6667    0.6667
     65536  |  0.0018    0.0005  |  3.76  |  0.6667    0.6667
    131072  |  0.0031    0.0013  |  2.43  |  0.6667    0.6667
    262144  |  0.0055    0.0020  |  2.77  |  0.6667    0.6667
    524288  |  0.0109    0.0041  |  2.62  |  0.6667    0.6667
   1048576  |  0.0219    0.0085  |  2.59  |  0.6667    0.6667
   2097152  |  0.0438    0.0206  |  2.13  |  0.6667    0.6667
   4194304  |  0.1012    0.0322  |  3.15  |  0.6667    0.6667
   8388608  |  0.1758    0.0681  |  2.58  |  0.6667    0.6667
  16777216  |  0.3607    0.1439  |  2.51  |  0.6667    0.6667
  33554432  |  0.7652    0.2685  |  2.85  |  0.6667    0.6667
  67108864  |  1.4380    0.5617  |  2.56  |  0.6667    0.6667

                      Trapezoidal Integral
  -------------------------------------------------------------
         i  |       times        |    s   |      results
  -------------------------------------------------------------
         2  |  0.0000    0.0000  |  0.05  |  1.0000    1.0000
         4  |  0.0000    0.0000  |  0.11  |  0.7500    0.7500
         8  |  0.0000    0.0000  |  0.14  |  0.6875    0.6875
        16  |  0.0000    0.0000  |  0.25  |  0.6719    0.6719
        32  |  0.0000    0.0000  |  0.45  |  0.6680    0.6680
        64  |  0.0000    0.0000  |  0.94  |  0.6670    0.6670
       128  |  0.0000    0.0000  |  1.23  |  0.6667    0.6667
       256  |  0.0000    0.0000  |  1.65  |  0.6667    0.6667
       512  |  0.0000    0.0000  |  1.92  |  0.6667    0.6667
      1024  |  0.0001    0.0000  |  4.98  |  0.6667    0.6667
      2048  |  0.0002    0.0000  |  5.86  |  0.6667    0.6667
      4096  |  0.0005    0.0001  |  6.38  |  0.6667    0.6667
      8192  |  0.0010    0.0001  |  6.78  |  0.6667    0.6667
     16384  |  0.0020    0.0003  |  6.76  |  0.6667    0.6667
     32768  |  0.0040    0.0006  |  6.69  |  0.6667    0.6667
     65536  |  0.0074    0.0010  |  7.17  |  0.6667    0.6667
    131072  |  0.0058    0.0019  |  3.00  |  0.6667    0.6667
    262144  |  0.0116    0.0038  |  3.02  |  0.6667    0.6667
    524288  |  0.0367    0.0093  |  3.95  |  0.6667    0.6667
   1048576  |  0.0480    0.0192  |  2.49  |  0.6667    0.6667
   2097152  |  0.0944    0.0312  |  3.02  |  0.6667    0.6667
   4194304  |  0.1917    0.0673  |  2.85  |  0.6667    0.6667
   8388608  |  0.3797    0.1240  |  3.06  |  0.6667    0.6667
  16777216  |  0.7470    0.2668  |  2.80  |  0.6667    0.6667
  33554432  |  1.4895    0.5310  |  2.81  |  0.6667    0.6667
  67108864  |  3.0051    1.0874  |  2.76  |  0.6667    0.6667

                        Simpson Integral
  -------------------------------------------------------------
         i  |       times        |    s   |      results
  -------------------------------------------------------------
         2  |  0.0000    0.0000  |  0.06  |  0.6667    0.6667
         4  |  0.0000    0.0000  |  0.05  |  0.6667    0.6667
         8  |  0.0000    0.0000  |  0.12  |  0.6667    0.6667
        16  |  0.0000    0.0000  |  0.30  |  0.6667    0.6667
        32  |  0.0000    0.0000  |  0.56  |  0.6667    0.6667
        64  |  0.0000    0.0000  |  0.98  |  0.6667    0.6667
       128  |  0.0000    0.0000  |  1.26  |  0.6667    0.6667
       256  |  0.0000    0.0000  |  1.41  |  0.6667    0.6667
       512  |  0.0000    0.0000  |  1.49  |  0.6667    0.6667
      1024  |  0.0001    0.0000  |  2.38  |  0.6667    0.6667
      2048  |  0.0001    0.0000  |  3.16  |  0.6667    0.6667
      4096  |  0.0003    0.0001  |  3.09  |  0.6667    0.6667
      8192  |  0.0006    0.0002  |  3.58  |  0.6667    0.6667
     16384  |  0.0010    0.0003  |  3.01  |  0.6667    0.6667
     32768  |  0.0021    0.0008  |  2.64  |  0.6667    0.6667
     65536  |  0.0040    0.0018  |  2.18  |  0.6667    0.6667
    131072  |  0.0086    0.0031  |  2.75  |  0.6667    0.6667
    262144  |  0.0212    0.0055  |  3.88  |  0.6667    0.6667
    524288  |  0.0466    0.0109  |  4.27  |  0.6667    0.6667
   1048576  |  0.0641    0.0222  |  2.88  |  0.6667    0.6667
   2097152  |  0.1412    0.0437  |  3.23  |  0.6667    0.6667
   4194304  |  0.2758    0.0879  |  3.14  |  0.6667    0.6667
   8388608  |  0.5453    0.1862  |  2.93  |  0.6667    0.6667
  16777216  |  1.0385    0.3714  |  2.80  |  0.6667    0.6667
  33554432  |  2.0530    0.7238  |  2.84  |  0.6667    0.6667
  67108864  |  4.1589    1.4960  |  2.78  |  0.6667    0.6667


  number of threads = 4
  -------------------------------------------------------------
                        Riemann Integral
  -------------------------------------------------------------
         i  |       times        |    s   |      results
  -------------------------------------------------------------
         2  |  0.0000    0.0029  |  0.00  |  1.0000    1.0000
         4  |  0.0000    0.0000  |  0.06  |  0.7500    0.7500
         8  |  0.0000    0.0000  |  0.17  |  0.6875    0.6875
        16  |  0.0000    0.0000  |  0.12  |  0.6719    0.6719
        32  |  0.0000    0.0000  |  0.42  |  0.6680    0.6680
        64  |  0.0000    0.0000  |  0.64  |  0.6670    0.6670
       128  |  0.0000    0.0000  |  1.12  |  0.6667    0.6667
       256  |  0.0000    0.0000  |  2.22  |  0.6667    0.6667
       512  |  0.0000    0.0000  |  2.72  |  0.6667    0.6667
      1024  |  0.0001    0.0000  |  2.82  |  0.6667    0.6667
      2048  |  0.0001    0.0000  |  5.04  |  0.6667    0.6667
      4096  |  0.0002    0.0000  |  6.23  |  0.6667    0.6667
      8192  |  0.0004    0.0001  |  6.42  |  0.6667    0.6667
     16384  |  0.0008    0.0001  |  7.03  |  0.6667    0.6667
     32768  |  0.0008    0.0002  |  3.85  |  0.6667    0.6667
     65536  |  0.0015    0.0004  |  3.83  |  0.6667    0.6667
    131072  |  0.0059    0.0010  |  5.87  |  0.6667    0.6667
    262144  |  0.0057    0.0016  |  3.52  |  0.6667    0.6667
    524288  |  0.0196    0.0034  |  5.84  |  0.6667    0.6667
   1048576  |  0.0469    0.0356  |  1.32  |  0.6667    0.6667
   2097152  |  0.0751    0.0139  |  5.40  |  0.6667    0.6667
   4194304  |  0.1124    0.0239  |  4.71  |  0.6667    0.6667
   8388608  |  0.1945    0.0482  |  4.04  |  0.6667    0.6667
  16777216  |  0.3800    0.1077  |  3.53  |  0.6667    0.6667
  33554432  |  0.7111    0.2022  |  3.52  |  0.6667    0.6667
  67108864  |  1.4140    0.3991  |  3.54  |  0.6667    0.6667

                      Trapezoidal Integral
  -------------------------------------------------------------
         i  |       times        |    s   |      results
  -------------------------------------------------------------
         2  |  0.0000    0.0000  |  0.03  |  1.0000    1.0000
         4  |  0.0000    0.0000  |  0.07  |  0.7500    0.7500
         8  |  0.0000    0.0000  |  0.15  |  0.6875    0.6875
        16  |  0.0000    0.0000  |  0.26  |  0.6719    0.6719
        32  |  0.0000    0.0000  |  0.31  |  0.6680    0.6680
        64  |  0.0000    0.0000  |  0.81  |  0.6670    0.6670
       128  |  0.0000    0.0000  |  1.32  |  0.6667    0.6667
       256  |  0.0000    0.0000  |  1.82  |  0.6667    0.6667
       512  |  0.0000    0.0000  |  2.49  |  0.6667    0.6667
      1024  |  0.0001    0.0000  |  2.31  |  0.6667    0.6667
      2048  |  0.0001    0.0000  |  3.64  |  0.6667    0.6667
      4096  |  0.0002    0.0001  |  3.68  |  0.6667    0.6667
      8192  |  0.0005    0.0001  |  4.34  |  0.6667    0.6667
     16384  |  0.0008    0.0002  |  3.89  |  0.6667    0.6667
     32768  |  0.0016    0.0006  |  2.77  |  0.6667    0.6667
     65536  |  0.0036    0.0012  |  3.08  |  0.6667    0.6667
    131072  |  0.0058    0.0017  |  3.41  |  0.6667    0.6667
    262144  |  0.0132    0.0029  |  4.59  |  0.6667    0.6667
    524288  |  0.0240    0.0067  |  3.55  |  0.6667    0.6667
   1048576  |  0.0557    0.0124  |  4.48  |  0.6667    0.6667
   2097152  |  0.1116    0.0231  |  4.84  |  0.6667    0.6667
   4194304  |  0.2214    0.0540  |  4.10  |  0.6667    0.6667
   8388608  |  0.3954    0.0975  |  4.06  |  0.6667    0.6667
  16777216  |  0.7729    0.1958  |  3.95  |  0.6667    0.6667
  33554432  |  1.5220    0.4098  |  3.71  |  0.6667    0.6667
  67108864  |  3.0149    0.8151  |  3.70  |  0.6667    0.6667

                        Simpson Integral
  -------------------------------------------------------------
         i  |       times        |    s   |      results
  -------------------------------------------------------------
         2  |  0.0000    0.0000  |  0.09  |  0.6667    0.6667
         4  |  0.0000    0.0000  |  0.17  |  0.6667    0.6667
         8  |  0.0000    0.0000  |  0.30  |  0.6667    0.6667
        16  |  0.0000    0.0000  |  0.73  |  0.6667    0.6667
        32  |  0.0000    0.0000  |  1.17  |  0.6667    0.6667
        64  |  0.0000    0.0000  |  1.16  |  0.6667    0.6667
       128  |  0.0000    0.0000  |  2.68  |  0.6667    0.6667
       256  |  0.0000    0.0000  |  4.20  |  0.6667    0.6667
       512  |  0.0001    0.0000  |  5.26  |  0.6667    0.6667
      1024  |  0.0002    0.0000  |  6.69  |  0.6667    0.6667
      2048  |  0.0003    0.0000  |  6.78  |  0.6667    0.6667
      4096  |  0.0007    0.0001  |  7.26  |  0.6667    0.6667
      8192  |  0.0013    0.0002  |  7.33  |  0.6667    0.6667
     16384  |  0.0026    0.0004  |  7.16  |  0.6667    0.6667
     32768  |  0.0053    0.0007  |  7.50  |  0.6667    0.6667
     65536  |  0.0051    0.0013  |  3.80  |  0.6667    0.6667
    131072  |  0.0083    0.0024  |  3.40  |  0.6667    0.6667
    262144  |  0.0308    0.0048  |  6.38  |  0.6667    0.6667
    524288  |  0.0524    0.0118  |  4.46  |  0.6667    0.6667
   1048576  |  0.0953    0.0217  |  4.39  |  0.6667    0.6667
   2097152  |  0.1858    0.0336  |  5.52  |  0.6667    0.6667
   4194304  |  0.2971    0.0741  |  4.01  |  0.6667    0.6667
   8388608  |  0.5492    0.1564  |  3.51  |  0.6667    0.6667
  16777216  |  1.0653    0.2826  |  3.77  |  0.6667    0.6667
  33554432  |  2.1486    0.6070  |  3.54  |  0.6667    0.6667
  67108864  |  4.1559    1.1460  |  3.63  |  0.6667    0.6667


  number of threads = 5
  -------------------------------------------------------------
                        Riemann Integral
  -------------------------------------------------------------
         i  |       times        |    s   |      results
  -------------------------------------------------------------
         2  |  0.0000    0.0039  |  0.00  |  1.0000    1.0000
         4  |  0.0000    0.0000  |  0.03  |  0.7500    0.7500
         8  |  0.0000    0.0000  |  0.06  |  0.6875    0.6875
        16  |  0.0000    0.0000  |  0.02  |  0.6719    0.6719
        32  |  0.0000    0.0000  |  0.06  |  0.6680    0.6680
        64  |  0.0000    0.0000  |  0.31  |  0.6670    0.6670
       128  |  0.0000    0.0000  |  0.92  |  0.6667    0.6667
       256  |  0.0000    0.0000  |  1.34  |  0.6667    0.6667
       512  |  0.0000    0.0000  |  1.63  |  0.6667    0.6667
      1024  |  0.0000    0.0000  |  2.62  |  0.6667    0.6667
      2048  |  0.0001    0.0000  |  7.90  |  0.6667    0.6667
      4096  |  0.0002    0.0000  |  6.93  |  0.6667    0.6667
      8192  |  0.0004    0.0001  |  5.45  |  0.6667    0.6667
     16384  |  0.0004    0.0001  |  4.17  |  0.6667    0.6667
     32768  |  0.0008    0.0002  |  4.82  |  0.6667    0.6667
     65536  |  0.0016    0.0006  |  2.53  |  0.6667    0.6667
    131072  |  0.0072    0.0008  |  9.45  |  0.6667    0.6667
    262144  |  0.0133    0.0015  |  8.66  |  0.6667    0.6667
    524288  |  0.0266    0.0031  |  8.64  |  0.6667    0.6667
   1048576  |  0.0491    0.0064  |  7.62  |  0.6667    0.6667
   2097152  |  0.0711    0.0124  |  5.71  |  0.6667    0.6667
   4194304  |  0.1165    0.0247  |  4.72  |  0.6667    0.6667
   8388608  |  0.2082    0.0426  |  4.88  |  0.6667    0.6667
  16777216  |  0.3868    0.1021  |  3.79  |  0.6667    0.6667
  33554432  |  0.7460    0.1778  |  4.19  |  0.6667    0.6667
  67108864  |  1.4669    0.3419  |  4.29  |  0.6667    0.6667

                      Trapezoidal Integral
  -------------------------------------------------------------
         i  |       times        |    s   |      results
  -------------------------------------------------------------
         2  |  0.0000    0.0000  |  0.06  |  1.0000    1.0000
         4  |  0.0000    0.0000  |  0.17  |  0.7500    0.7500
         8  |  0.0000    0.0000  |  0.11  |  0.6875    0.6875
        16  |  0.0000    0.0000  |  0.23  |  0.6719    0.6719
        32  |  0.0000    0.0000  |  0.49  |  0.6680    0.6680
        64  |  0.0000    0.0000  |  1.25  |  0.6670    0.6670
       128  |  0.0000    0.0000  |  1.86  |  0.6667    0.6667
       256  |  0.0000    0.0000  |  3.72  |  0.6667    0.6667
       512  |  0.0001    0.0000  |  5.63  |  0.6667    0.6667
      1024  |  0.0001    0.0000  |  6.33  |  0.6667    0.6667
      2048  |  0.0003    0.0000  |  9.33  |  0.6667    0.6667
      4096  |  0.0005    0.0000  |  9.95  |  0.6667    0.6667
      8192  |  0.0006    0.0003  |  2.38  |  0.6667    0.6667
     16384  |  0.0018    0.0002  | 10.00  |  0.6667    0.6667
     32768  |  0.0039    0.0003  | 11.26  |  0.6667    0.6667
     65536  |  0.0031    0.0007  |  4.39  |  0.6667    0.6667
    131072  |  0.0161    0.0014  | 11.57  |  0.6667    0.6667
    262144  |  0.0130    0.0031  |  4.15  |  0.6667    0.6667
    524288  |  0.0508    0.0055  |  9.17  |  0.6667    0.6667
   1048576  |  0.0799    0.0108  |  7.40  |  0.6667    0.6667
   2097152  |  0.1503    0.0270  |  5.57  |  0.6667    0.6667
   4194304  |  0.2418    0.0456  |  5.31  |  0.6667    0.6667
   8388608  |  0.4157    0.0872  |  4.76  |  0.6667    0.6667
  16777216  |  0.7691    0.1639  |  4.69  |  0.6667    0.6667
  33554432  |  1.5051    0.3315  |  4.54  |  0.6667    0.6667
  67108864  |  2.9978    0.6866  |  4.37  |  0.6667    0.6667

                        Simpson Integral
  -------------------------------------------------------------
         i  |       times        |    s   |      results
  -------------------------------------------------------------
         2  |  0.0000    0.0000  |  0.03  |  0.6667    0.6667
         4  |  0.0000    0.0000  |  0.12  |  0.6667    0.6667
         8  |  0.0000    0.0000  |  0.17  |  0.6667    0.6667
        16  |  0.0000    0.0000  |  0.24  |  0.6667    0.6667
        32  |  0.0000    0.0000  |  1.15  |  0.6667    0.6667
        64  |  0.0000    0.0000  |  0.75  |  0.6667    0.6667
       128  |  0.0000    0.0000  |  1.22  |  0.6667    0.6667
       256  |  0.0000    0.0000  |  1.65  |  0.6667    0.6667
       512  |  0.0001    0.0000  |  6.48  |  0.6667    0.6667
      1024  |  0.0002    0.0000  |  7.23  |  0.6667    0.6667
      2048  |  0.0003    0.0000  |  8.38  |  0.6667    0.6667
      4096  |  0.0007    0.0001  |  8.85  |  0.6667    0.6667
      8192  |  0.0013    0.0002  |  8.65  |  0.6667    0.6667
     16384  |  0.0026    0.0003  |  8.99  |  0.6667    0.6667
     32768  |  0.0050    0.0005  | 10.00  |  0.6667    0.6667
     65536  |  0.0040    0.0010  |  4.18  |  0.6667    0.6667
    131072  |  0.0111    0.0020  |  5.65  |  0.6667    0.6667
    262144  |  0.0343    0.0046  |  7.51  |  0.6667    0.6667
    524288  |  0.0421    0.0087  |  4.82  |  0.6667    0.6667
   1048576  |  0.0795    0.0154  |  5.15  |  0.6667    0.6667
   2097152  |  0.1634    0.0368  |  4.43  |  0.6667    0.6667
   4194304  |  0.3097    0.0594  |  5.21  |  0.6667    0.6667
   8388608  |  0.5528    0.1495  |  3.70  |  0.6667    0.6667
  16777216  |  1.0578    0.2565  |  4.12  |  0.6667    0.6667
  33554432  |  2.1025    0.5272  |  3.99  |  0.6667    0.6667
  67108864  |  4.1627    0.9666  |  4.31  |  0.6667    0.6667


  number of threads = 6
  -------------------------------------------------------------
                        Riemann Integral
  -------------------------------------------------------------
         i  |       times        |    s   |      results
  -------------------------------------------------------------
         2  |  0.0000    0.0075  |  0.00  |  1.0000    1.0000
         4  |  0.0000    0.0000  |  0.09  |  0.7500    0.7500
         8  |  0.0000    0.0000  |  0.03  |  0.6875    0.6875
        16  |  0.0000    0.0000  |  0.10  |  0.6719    0.6719
        32  |  0.0000    0.0000  |  0.12  |  0.6680    0.6680
        64  |  0.0000    0.0000  |  0.56  |  0.6670    0.6670
       128  |  0.0000    0.0000  |  1.14  |  0.6667    0.6667
       256  |  0.0000    0.0000  |  0.85  |  0.6667    0.6667
       512  |  0.0000    0.0000  |  3.34  |  0.6667    0.6667
      1024  |  0.0000    0.0000  |  5.36  |  0.6667    0.6667
      2048  |  0.0000    0.0000  |  3.04  |  0.6667    0.6667
      4096  |  0.0002    0.0000  |  8.35  |  0.6667    0.6667
      8192  |  0.0003    0.0000  |  8.10  |  0.6667    0.6667
     16384  |  0.0007    0.0001  |  9.76  |  0.6667    0.6667
     32768  |  0.0013    0.0002  |  8.22  |  0.6667    0.6667
     65536  |  0.0023    0.0003  |  7.43  |  0.6667    0.6667
    131072  |  0.0031    0.0005  |  5.77  |  0.6667    0.6667
    262144  |  0.0062    0.0014  |  4.32  |  0.6667    0.6667
    524288  |  0.0157    0.0023  |  6.93  |  0.6667    0.6667
   1048576  |  0.0498    0.0043  | 11.52  |  0.6667    0.6667
   2097152  |  0.0755    0.0085  |  8.92  |  0.6667    0.6667
   4194304  |  0.1275    0.0203  |  6.28  |  0.6667    0.6667
   8388608  |  0.2100    0.0404  |  5.20  |  0.6667    0.6667
  16777216  |  0.3898    0.0774  |  5.04  |  0.6667    0.6667
  33554432  |  0.7337    0.1599  |  4.59  |  0.6667    0.6667
  67108864  |  1.4281    0.3294  |  4.33  |  0.6667    0.6667

                      Trapezoidal Integral
  -------------------------------------------------------------
         i  |       times        |    s   |      results
  -------------------------------------------------------------
         2  |  0.0000    0.0000  |  0.04  |  1.0000    1.0000
         4  |  0.0000    0.0000  |  0.10  |  0.7500    0.7500
         8  |  0.0000    0.0000  |  0.24  |  0.6875    0.6875
        16  |  0.0000    0.0000  |  0.10  |  0.6719    0.6719
        32  |  0.0000    0.0000  |  0.58  |  0.6680    0.6680
        64  |  0.0000    0.0000  |  0.55  |  0.6670    0.6670
       128  |  0.0000    0.0000  |  2.25  |  0.6667    0.6667
       256  |  0.0000    0.0000  |  3.78  |  0.6667    0.6667
       512  |  0.0000    0.0000  |  1.92  |  0.6667    0.6667
      1024  |  0.0001    0.0000  |  6.73  |  0.6667    0.6667
      2048  |  0.0002    0.0000  | 10.52  |  0.6667    0.6667
      4096  |  0.0002    0.0000  |  5.01  |  0.6667    0.6667
      8192  |  0.0004    0.0001  |  5.25  |  0.6667    0.6667
     16384  |  0.0014    0.0002  |  8.89  |  0.6667    0.6667
     32768  |  0.0037    0.0004  | 10.25  |  0.6667    0.6667
     65536  |  0.0031    0.0006  |  5.02  |  0.6667    0.6667
    131072  |  0.0069    0.0011  |  6.03  |  0.6667    0.6667
    262144  |  0.0141    0.0023  |  6.24  |  0.6667    0.6667
    524288  |  0.0264    0.0056  |  4.67  |  0.6667    0.6667
   1048576  |  0.0968    0.0099  |  9.80  |  0.6667    0.6667
   2097152  |  0.1504    0.0190  |  7.94  |  0.6667    0.6667
   4194304  |  0.2259    0.0390  |  5.79  |  0.6667    0.6667
   8388608  |  0.4230    0.0787  |  5.38  |  0.6667    0.6667
  16777216  |  0.8017    0.1502  |  5.34  |  0.6667    0.6667
  33554432  |  1.5333    0.2970  |  5.16  |  0.6667    0.6667
  67108864  |  3.0566    0.5900  |  5.18  |  0.6667    0.6667

                        Simpson Integral
  -------------------------------------------------------------
         i  |       times        |    s   |      results
  -------------------------------------------------------------
         2  |  0.0000    0.0000  |  0.06  |  0.6667    0.6667
         4  |  0.0000    0.0000  |  0.10  |  0.6667    0.6667
         8  |  0.0000    0.0000  |  0.17  |  0.6667    0.6667
        16  |  0.0000    0.0000  |  0.20  |  0.6667    0.6667
        32  |  0.0000    0.0000  |  0.70  |  0.6667    0.6667
        64  |  0.0000    0.0000  |  1.68  |  0.6667    0.6667
       128  |  0.0000    0.0000  |  2.96  |  0.6667    0.6667
       256  |  0.0000    0.0000  |  2.18  |  0.6667    0.6667
       512  |  0.0000    0.0000  |  3.21  |  0.6667    0.6667
      1024  |  0.0001    0.0000  |  3.43  |  0.6667    0.6667
      2048  |  0.0001    0.0000  |  4.06  |  0.6667    0.6667
      4096  |  0.0003    0.0001  |  4.24  |  0.6667    0.6667
      8192  |  0.0005    0.0001  |  5.10  |  0.6667    0.6667
     16384  |  0.0022    0.0002  |  9.07  |  0.6667    0.6667
     32768  |  0.0025    0.0004  |  5.95  |  0.6667    0.6667
     65536  |  0.0079    0.0010  |  8.34  |  0.6667    0.6667
    131072  |  0.0181    0.0019  |  9.33  |  0.6667    0.6667
    262144  |  0.0381    0.0038  | 10.06  |  0.6667    0.6667
    524288  |  0.0479    0.0064  |  7.43  |  0.6667    0.6667
   1048576  |  0.0996    0.0153  |  6.50  |  0.6667    0.6667
   2097152  |  0.1894    0.0264  |  7.19  |  0.6667    0.6667
   4194304  |  0.3053    0.0568  |  5.38  |  0.6667    0.6667
   8388608  |  0.5652    0.1199  |  4.71  |  0.6667    0.6667
  16777216  |  1.0569    0.2308  |  4.58  |  0.6667    0.6667
  33554432  |  2.1507    0.4786  |  4.49  |  0.6667    0.6667
  67108864  |  4.1699    0.9223  |  4.52  |  0.6667    0.6667


  number of threads = 7
  -------------------------------------------------------------
                        Riemann Integral
  -------------------------------------------------------------
         i  |       times        |    s   |      results
  -------------------------------------------------------------
         2  |  0.0000    0.0049  |  0.00  |  1.0000    1.0000
         4  |  0.0000    0.0000  |  0.02  |  0.7500    0.7500
         8  |  0.0000    0.0000  |  0.05  |  0.6875    0.6875
        16  |  0.0000    0.0000  |  0.29  |  0.6719    0.6719
        32  |  0.0000    0.0000  |  0.08  |  0.6680    0.6680
        64  |  0.0000    0.0000  |  0.28  |  0.6670    0.6670
       128  |  0.0000    0.0000  |  0.59  |  0.6667    0.6667
       256  |  0.0000    0.0000  |  2.12  |  0.6667    0.6667
       512  |  0.0000    0.0000  |  0.84  |  0.6667    0.6667
      1024  |  0.0001    0.0000  |  3.32  |  0.6667    0.6667
      2048  |  0.0001    0.0000  |  3.82  |  0.6667    0.6667
      4096  |  0.0002    0.0000  |  8.23  |  0.6667    0.6667
      8192  |  0.0003    0.0001  |  4.75  |  0.6667    0.6667
     16384  |  0.0005    0.0002  |  2.67  |  0.6667    0.6667
     32768  |  0.0011    0.0001  |  8.02  |  0.6667    0.6667
     65536  |  0.0018    0.0002  |  7.53  |  0.6667    0.6667
    131072  |  0.0057    0.0007  |  8.49  |  0.6667    0.6667
    262144  |  0.0093    0.0011  |  8.64  |  0.6667    0.6667
    524288  |  0.0241    0.0021  | 11.23  |  0.6667    0.6667
   1048576  |  0.0481    0.0044  | 11.04  |  0.6667    0.6667
   2097152  |  0.0961    0.0083  | 11.56  |  0.6667    0.6667
   4194304  |  0.1389    0.0172  |  8.09  |  0.6667    0.6667
   8388608  |  0.2155    0.0390  |  5.52  |  0.6667    0.6667
  16777216  |  0.3983    0.0724  |  5.50  |  0.6667    0.6667
  33554432  |  0.7488    0.1255  |  5.97  |  0.6667    0.6667
  67108864  |  1.4301    0.2665  |  5.37  |  0.6667    0.6667

                      Trapezoidal Integral
  -------------------------------------------------------------
         i  |       times        |    s   |      results
  -------------------------------------------------------------
         2  |  0.0000    0.0000  |  0.02  |  1.0000    1.0000
         4  |  0.0000    0.0000  |  0.11  |  0.7500    0.7500
         8  |  0.0000    0.0000  |  0.27  |  0.6875    0.6875
        16  |  0.0000    0.0000  |  0.39  |  0.6719    0.6719
        32  |  0.0000    0.0000  |  0.87  |  0.6680    0.6680
        64  |  0.0000    0.0000  |  0.70  |  0.6670    0.6670
       128  |  0.0000    0.0000  |  1.84  |  0.6667    0.6667
       256  |  0.0000    0.0000  |  4.75  |  0.6667    0.6667
       512  |  0.0000    0.0000  |  1.47  |  0.6667    0.6667
      1024  |  0.0001    0.0000  |  2.33  |  0.6667    0.6667
      2048  |  0.0002    0.0000  |  8.41  |  0.6667    0.6667
      4096  |  0.0004    0.0000  | 11.03  |  0.6667    0.6667
      8192  |  0.0007    0.0001  |  4.85  |  0.6667    0.6667
     16384  |  0.0012    0.0001  |  9.61  |  0.6667    0.6667
     32768  |  0.0036    0.0003  | 14.15  |  0.6667    0.6667
     65536  |  0.0049    0.0005  |  9.50  |  0.6667    0.6667
    131072  |  0.0147    0.0010  | 14.50  |  0.6667    0.6667
    262144  |  0.0290    0.0023  | 12.49  |  0.6667    0.6667
    524288  |  0.0531    0.0039  | 13.46  |  0.6667    0.6667
   1048576  |  0.0982    0.0081  | 12.13  |  0.6667    0.6667
   2097152  |  0.1529    0.0176  |  8.70  |  0.6667    0.6667
   4194304  |  0.2469    0.0394  |  6.27  |  0.6667    0.6667
   8388608  |  0.4162    0.0664  |  6.26  |  0.6667    0.6667
  16777216  |  0.7867    0.1345  |  5.85  |  0.6667    0.6667
  33554432  |  1.5379    0.2649  |  5.80  |  0.6667    0.6667
  67108864  |  3.0229    0.5473  |  5.52  |  0.6667    0.6667

                        Simpson Integral
  -------------------------------------------------------------
         i  |       times        |    s   |      results
  -------------------------------------------------------------
         2  |  0.0000    0.0000  |  0.02  |  0.6667    0.6667
         4  |  0.0000    0.0000  |  0.20  |  0.6667    0.6667
         8  |  0.0000    0.0000  |  0.27  |  0.6667    0.6667
        16  |  0.0000    0.0000  |  0.12  |  0.6667    0.6667
        32  |  0.0000    0.0000  |  0.31  |  0.6667    0.6667
        64  |  0.0000    0.0000  |  1.88  |  0.6667    0.6667
       128  |  0.0000    0.0000  |  0.87  |  0.6667    0.6667
       256  |  0.0000    0.0000  |  2.62  |  0.6667    0.6667
       512  |  0.0000    0.0000  |  3.49  |  0.6667    0.6667
      1024  |  0.0001    0.0000  |  4.10  |  0.6667    0.6667
      2048  |  0.0003    0.0000  |  9.54  |  0.6667    0.6667
      4096  |  0.0006    0.0001  | 10.34  |  0.6667    0.6667
      8192  |  0.0009    0.0002  |  5.56  |  0.6667    0.6667
     16384  |  0.0025    0.0002  | 11.74  |  0.6667    0.6667
     32768  |  0.0042    0.0004  | 10.28  |  0.6667    0.6667
     65536  |  0.0099    0.0010  |  9.90  |  0.6667    0.6667
    131072  |  0.0138    0.0016  |  8.47  |  0.6667    0.6667
    262144  |  0.0400    0.0033  | 12.17  |  0.6667    0.6667
    524288  |  0.0710    0.0066  | 10.69  |  0.6667    0.6667
   1048576  |  0.1231    0.0122  | 10.12  |  0.6667    0.6667
   2097152  |  0.1867    0.0239  |  7.82  |  0.6667    0.6667
   4194304  |  0.3101    0.0500  |  6.20  |  0.6667    0.6667
   8388608  |  0.5743    0.0932  |  6.16  |  0.6667    0.6667
  16777216  |  1.1084    0.2161  |  5.13  |  0.6667    0.6667
  33554432  |  2.1063    0.4204  |  5.01  |  0.6667    0.6667
  67108864  |  4.2805    0.8409  |  5.09  |  0.6667    0.6667


  number of threads = 8
  -------------------------------------------------------------
                        Riemann Integral
  -------------------------------------------------------------
         i  |       times        |    s   |      results
  -------------------------------------------------------------
         2  |  0.0000    0.0048  |  0.00  |  1.0000    1.0000
         4  |  0.0000    0.0000  |  0.05  |  0.7500    0.7500
         8  |  0.0000    0.0000  |  0.09  |  0.6875    0.6875
        16  |  0.0000    0.0000  |  0.08  |  0.6719    0.6719
        32  |  0.0000    0.0000  |  0.13  |  0.6680    0.6680
        64  |  0.0000    0.0000  |  0.19  |  0.6670    0.6670
       128  |  0.0000    0.0000  |  0.37  |  0.6667    0.6667
       256  |  0.0000    0.0000  |  0.77  |  0.6667    0.6667
       512  |  0.0000    0.0000  |  0.91  |  0.6667    0.6667
      1024  |  0.0000    0.0000  |  0.70  |  0.6667    0.6667
      2048  |  0.0001    0.0000  |  3.05  |  0.6667    0.6667
      4096  |  0.0001    0.0000  |  3.78  |  0.6667    0.6667
      8192  |  0.0002    0.0001  |  3.10  |  0.6667    0.6667
     16384  |  0.0005    0.0002  |  2.81  |  0.6667    0.6667
     32768  |  0.0012    0.0001  | 10.21  |  0.6667    0.6667
     65536  |  0.0026    0.0005  |  5.71  |  0.6667    0.6667
    131072  |  0.0056    0.0005  | 12.10  |  0.6667    0.6667
    262144  |  0.0101    0.0017  |  5.96  |  0.6667    0.6667
    524288  |  0.0243    0.0019  | 12.79  |  0.6667    0.6667
   1048576  |  0.0484    0.0039  | 12.26  |  0.6667    0.6667
   2097152  |  0.0727    0.0079  |  9.19  |  0.6667    0.6667
   4194304  |  0.1436    0.0200  |  7.18  |  0.6667    0.6667
   8388608  |  0.2235    0.0322  |  6.93  |  0.6667    0.6667
  16777216  |  0.3962    0.0627  |  6.32  |  0.6667    0.6667
  33554432  |  0.7779    0.1236  |  6.29  |  0.6667    0.6667
  67108864  |  1.4592    0.2516  |  5.80  |  0.6667    0.6667

                      Trapezoidal Integral
  -------------------------------------------------------------
         i  |       times        |    s   |      results
  -------------------------------------------------------------
         2  |  0.0000    0.0000  |  0.05  |  1.0000    1.0000
         4  |  0.0000    0.0000  |  0.06  |  0.7500    0.7500
         8  |  0.0000    0.0000  |  0.06  |  0.6875    0.6875
        16  |  0.0000    0.0000  |  0.16  |  0.6719    0.6719
        32  |  0.0000    0.0000  |  0.19  |  0.6680    0.6680
        64  |  0.0000    0.0000  |  0.38  |  0.6670    0.6670
       128  |  0.0000    0.0000  |  0.70  |  0.6667    0.6667
       256  |  0.0000    0.0000  |  1.52  |  0.6667    0.6667
       512  |  0.0000    0.0000  |  2.24  |  0.6667    0.6667
      1024  |  0.0001    0.0000  |  2.18  |  0.6667    0.6667
      2048  |  0.0002    0.0000  |  4.29  |  0.6667    0.6667
      4096  |  0.0003    0.0001  |  4.42  |  0.6667    0.6667
      8192  |  0.0006    0.0001  |  7.54  |  0.6667    0.6667
     16384  |  0.0016    0.0002  |  9.80  |  0.6667    0.6667
     32768  |  0.0025    0.0002  | 10.30  |  0.6667    0.6667
     65536  |  0.0052    0.0006  |  9.04  |  0.6667    0.6667
    131072  |  0.0128    0.0024  |  5.44  |  0.6667    0.6667
    262144  |  0.0274    0.0017  | 15.92  |  0.6667    0.6667
    524288  |  0.0547    0.0035  | 15.80  |  0.6667    0.6667
   1048576  |  0.1019    0.0068  | 14.91  |  0.6667    0.6667
   2097152  |  0.1470    0.0218  |  6.74  |  0.6667    0.6667
   4194304  |  0.2417    0.0372  |  6.50  |  0.6667    0.6667
   8388608  |  0.4133    0.0576  |  7.17  |  0.6667    0.6667
  16777216  |  0.8054    0.1217  |  6.62  |  0.6667    0.6667
  33554432  |  1.5420    0.2455  |  6.28  |  0.6667    0.6667
  67108864  |  3.0917    0.5069  |  6.10  |  0.6667    0.6667

                        Simpson Integral
  -------------------------------------------------------------
         i  |       times        |    s   |      results
  -------------------------------------------------------------
         2  |  0.0000    0.0000  |  0.02  |  0.6667    0.6667
         4  |  0.0000    0.0000  |  0.03  |  0.6667    0.6667
         8  |  0.0000    0.0000  |  0.14  |  0.6667    0.6667
        16  |  0.0000    0.0000  |  0.17  |  0.6667    0.6667
        32  |  0.0000    0.0000  |  0.32  |  0.6667    0.6667
        64  |  0.0000    0.0000  |  0.49  |  0.6667    0.6667
       128  |  0.0000    0.0000  |  0.58  |  0.6667    0.6667
       256  |  0.0000    0.0000  |  0.66  |  0.6667    0.6667
       512  |  0.0000    0.0000  |  1.43  |  0.6667    0.6667
      1024  |  0.0001    0.0001  |  1.48  |  0.6667    0.6667
      2048  |  0.0001    0.0001  |  2.12  |  0.6667    0.6667
      4096  |  0.0003    0.0001  |  3.71  |  0.6667    0.6667
      8192  |  0.0009    0.0002  |  4.54  |  0.6667    0.6667
     16384  |  0.0014    0.0006  |  2.60  |  0.6667    0.6667
     32768  |  0.0029    0.0007  |  4.08  |  0.6667    0.6667
     65536  |  0.0064    0.0023  |  2.83  |  0.6667    0.6667
    131072  |  0.0132    0.0026  |  5.06  |  0.6667    0.6667
    262144  |  0.0296    0.0039  |  7.50  |  0.6667    0.6667
    524288  |  0.0650    0.0129  |  5.05  |  0.6667    0.6667
   1048576  |  0.1051    0.0125  |  8.42  |  0.6667    0.6667
   2097152  |  0.1905    0.0249  |  7.65  |  0.6667    0.6667
   4194304  |  0.3169    0.0685  |  4.63  |  0.6667    0.6667
   8388608  |  0.5781    0.0933  |  6.20  |  0.6667    0.6667
  16777216  |  1.0886    0.1935  |  5.63  |  0.6667    0.6667
  33554432  |  2.1091    0.3827  |  5.51  |  0.6667    0.6667
  67108864  |  4.1779    0.8138  |  5.13  |  0.6667    0.6667



==================================================================================================================================





                                 Static Dynamic Guided
  -------------------------------------------------------------------------------------


  number of threads = 2
  time / parallel_time = 0.94
  -------------------------------------------------------------------------------------
   chunk |   s_s     s_d     s_g  |                       results
  -------------------------------------------------------------------------------------
      1  |  1.61    1.14    1.88  |  165971351271 165940308554 165954270181
      2  |  1.47    1.22    2.08  |  331937083140 331879007541 331906393369
      4  |  2.05    1.69    1.78  |  497894476347 497828987301 497861105276
      8  |  1.90    1.69    1.82  |  663850043122 663760669629 663812440028
     16  |  1.78    2.01    2.09  |  829825159155 829727391108 829765444278
     32  |  2.08    2.18    2.11  |  995776519749 995702149784 995708654610
     64  |  2.14    2.10    2.21  |  1161740967236 1161681461334 1161657542350
    128  |  2.14    2.10    2.16  |  1327705096405 1327642861882 1327607571008
    256  |  2.01    2.23    2.01  |  1493685218443 1493615391448 1493592616918
    512  |  1.97    2.22    2.14  |  1659608841495 1659571765620 1659556576199
   1024  |  2.16    2.16    2.22  |  1825564681684 1825521327400 1825520761000
   2048  |  2.15    2.15    2.23  |  1991507010779 1991461735365 1991475816977
   4096  |  2.08    2.20    2.15  |  2157483227388 2157420963324 2157433726248
   8192  |  1.98    2.22    2.04  |  2323437182709 2323362209921 2323395918819
  16384  |  2.11    2.04    2.20  |  2489405874361 2489332248815 2489362409719
  32768  |  2.14    2.11    2.22  |  2655362284288 2655281338358 2655304406537
  65536  |  1.97    2.08    2.16  |  2821306289475 2821259440667 2821244437991


  number of threads = 3
  time / parallel_time = 1.30
  -------------------------------------------------------------------------------------
   chunk |   s_s     s_d     s_g  |                       results
  -------------------------------------------------------------------------------------
      1  |  2.89    1.24    2.76  |  165983933509 165971453339 165964834380
      2  |  2.45    1.71    2.72  |  331943655317 331923002073 331920589203
      4  |  2.59    1.93    2.73  |  497902145226 497871104578 497861153613
      8  |  2.48    2.45    2.88  |  663830249466 663807077964 663812438001
     16  |  2.21    2.63    3.03  |  829794637609 829764856267 829802470477
     32  |  2.30    2.87    2.99  |  995742387908 995710008952 995757075257
     64  |  2.63    2.69    2.69  |  1161675566678 1161677327984 1161734288074
    128  |  2.28    2.91    2.70  |  1327650531079 1327650923268 1327681404580
    256  |  2.63    2.60    2.94  |  1493596885555 1493610834614 1493666763306
    512  |  2.51    2.45    2.61  |  1659556082671 1659564113787 1659637698777
   1024  |  2.51    2.54    2.96  |  1825545145685 1825538513588 1825607352142
   2048  |  2.19    2.44    2.59  |  1991507842601 1991516782053 1991557974710
   4096  |  2.70    2.52    2.45  |  2157455999571 2157492317575 2157539244094
   8192  |  2.94    2.66    2.61  |  2323409109227 2323459386055 2323502910487
  16384  |  2.42    2.37    2.71  |  2489380835074 2489421806653 2489477962238
  32768  |  2.82    2.81    2.81  |  2655331052961 2655398807586 2655430679354
  65536  |  2.24    2.43    2.59  |  2821277555284 2821350555749 2821384761489


  number of threads = 4
  time / parallel_time = 2.03
  -------------------------------------------------------------------------------------
   chunk |   s_s     s_d     s_g  |                       results
  -------------------------------------------------------------------------------------
      1  |  3.49    1.53    3.67  |  165993020610 165946039930 165981303583
      2  |  3.29    1.92    3.78  |  331939940491 331914445845 331948610288
      4  |  2.89    2.51    3.86  |  497896990419 497872788035 497901522817
      8  |  3.06    3.32    3.87  |  663861932982 663824332850 663840637999
     16  |  3.08    3.53    4.39  |  829794252203 829752406676 829786016243
     32  |  3.19    3.27    4.27  |  995755290488 995706457152 995750568136
     64  |  3.53    3.87    4.24  |  1161722005588 1161682901829 1161720893128
    128  |  2.90    3.66    3.56  |  1327689646650 1327618944686 1327664102679
    256  |  3.78    3.81    3.52  |  1493642012225 1493572808898 1493626828855
    512  |  3.46    3.98    3.53  |  1659631450976 1659548650194 1659606594693
   1024  |  3.00    3.86    4.16  |  1825595303103 1825519163671 1825549035526
   2048  |  3.93    3.82    3.11  |  1991543998370 1991487315739 1991514249795
   4096  |  2.98    4.39    3.24  |  2157510235043 2157461230324 2157467027084
   8192  |  3.55    3.56    3.57  |  2323478979638 2323415934884 2323436555337
  16384  |  2.85    3.62    3.14  |  2489466748284 2489398756038 2489394762946
  32768  |  2.80    3.54    3.69  |  2655449574698 2655346883790 2655350410726
  65536  |  2.78    2.83    2.76  |  2821416124295 2821321918116 2821314138245


  number of threads = 5
  time / parallel_time = 2.17
  -------------------------------------------------------------------------------------
   chunk |   s_s     s_d     s_g  |                       results
  -------------------------------------------------------------------------------------
      1  |  3.97    1.62    4.56  |  165995342994 165990148039 165984762285
      2  |  3.76    2.33    4.45  |  331960533042 331967319971 331958281118
      4  |  4.04    3.16    4.60  |  497922461528 497937562216 497893290025
      8  |  3.45    4.02    4.40  |  663900070248 663880532856 663856272318
     16  |  4.07    4.60    4.51  |  829840717089 829826901551 829786890810
     32  |  4.04    4.49    4.81  |  995770119635 995762717592 995722629284
     64  |  3.76    4.88    4.41  |  1161708986549 1161719314706 1161677940834
    128  |  3.66    4.55    4.43  |  1327708372187 1327689319268 1327618824647
    256  |  4.02    4.57    4.66  |  1493675323416 1493663496411 1493585478736
    512  |  4.02    4.22    4.55  |  1659650125523 1659622538315 1659533246333
   1024  |  4.27    4.16    4.68  |  1825603376482 1825565830672 1825487771478
   2048  |  3.76    4.81    3.92  |  1991576282562 1991514805030 1991479259006
   4096  |  4.14    4.10    4.60  |  2157557189926 2157523747852 2157449781674
   8192  |  3.80    4.18    4.24  |  2323506800922 2323473515271 2323405820440
  16384  |  3.18    4.21    3.54  |  2489479544226 2489440105294 2489366818498
  32768  |  3.67    4.00    3.52  |  2655460768851 2655409404826 2655347064291
  65536  |  3.15    4.29    3.13  |  2821424645522 2821327089245 2821332372972


  number of threads = 6
  time / parallel_time = 1.78
  -------------------------------------------------------------------------------------
   chunk |   s_s     s_d     s_g  |                       results
  -------------------------------------------------------------------------------------
      1  |  3.82    1.60    4.79  |  165965491335 165992524838 165989760123
      2  |  4.00    2.31    4.20  |  331922580711 331969150107 331952177324
      4  |  3.72    2.97    4.18  |  497885455632 497947600141 497896173074
      8  |  3.52    4.02    4.13  |  663861586830 663883315600 663876141424
     16  |  3.93    4.55    4.56  |  829796035333 829848639340 829811893744
     32  |  3.50    4.39    4.10  |  995753094570 995788205048 995759922736
     64  |  3.78    4.34    4.54  |  1161687635504 1161708134317 1161720389892
    128  |  4.25    4.52    4.04  |  1327602964524 1327630245604 1327693550279
    256  |  3.94    4.30    3.90  |  1493544094534 1493605113489 1493654204676
    512  |  3.96    4.62    4.40  |  1659520630497 1659569430283 1659624144799
   1024  |  4.10    4.44    3.84  |  1825482160721 1825540455252 1825589387201
   2048  |  4.07    4.77    4.18  |  1991437559975 1991500004922 1991540431208
   4096  |  3.95    4.56    4.21  |  2157369046120 2157459939795 2157499388519
   8192  |  3.77    4.10    4.48  |  2323338335789 2323415119299 2323487376787
  16384  |  3.99    4.17    3.76  |  2489314458385 2489405012697 2489478510388
  32768  |  3.42    3.90    3.74  |  2655307504278 2655376641471 2655439601165
  65536  |  3.09    3.85    3.04  |  2821269968100 2821342896177 2821402889164


  number of threads = 7
  time / parallel_time = 1.86
  -------------------------------------------------------------------------------------
   chunk |   s_s     s_d     s_g  |                       results
  -------------------------------------------------------------------------------------
      1  |  4.85    1.84    5.68  |  165971003660 165972597992 165987747266
      2  |  4.83    2.74    5.35  |  331980403578 331938592436 331954648419
      4  |  4.40    3.47    5.49  |  497959262991 497884139171 497954458207
      8  |  4.76    4.65    5.31  |  663905676927 663850922509 663894792112
     16  |  4.63    5.12    5.40  |  829859546998 829808002931 829860220740
     32  |  4.67    4.87    5.42  |  995818330573 995769571397 995817907460
     64  |  4.79    5.45    4.90  |  1161766752635 1161714275362 1161775882933
    128  |  4.71    5.35    5.55  |  1327702685540 1327648812942 1327696704921
    256  |  4.86    5.03    5.41  |  1493653302770 1493581077416 1493616407920
    512  |  4.49    5.37    5.17  |  1659597194904 1659528981367 1659600277027
   1024  |  4.66    5.50    5.33  |  1825575960186 1825490293413 1825562482961
   2048  |  4.50    5.35    5.33  |  1991530721736 1991454680363 1991546804433
   4096  |  4.43    5.17    5.08  |  2157500297571 2157430046848 2157505826543
   8192  |  4.59    4.81    5.04  |  2323445532837 2323383491282 2323469732562
  16384  |  3.77    4.60    4.41  |  2489370514190 2489326475501 2489426606750
  32768  |  3.73    3.65    4.46  |  2655346756042 2655282321003 2655376293787
  65536  |  4.56    5.34    3.00  |  2821323723810 2821255582340 2821346899066


  number of threads = 8
  time / parallel_time = 1.78
  -------------------------------------------------------------------------------------
   chunk |   s_s     s_d     s_g  |                       results
  -------------------------------------------------------------------------------------
      1  |  5.09    1.93    5.52  |  165986421228 165936160240 165991189143
      2  |  4.94    2.72    5.51  |  331969012020 331934778945 331950979849
      4  |  4.91    3.91    4.52  |  497943354741 497910574730 497901520850
      8  |  4.90    4.69    5.52  |  663947029340 663863368750 663850024256
     16  |  4.62    5.13    5.52  |  829923341065 829773695235 829809592721
     32  |  5.02    5.44    5.57  |  995882920959 995714017552 995771949637
     64  |  4.41    5.50    5.62  |  1161860538781 1161645194161 1161715852608
    128  |  4.82    5.57    5.19  |  1327823208125 1327595320962 1327652943439
    256  |  3.14    5.65    5.57  |  1493769926395 1493497488540 1493565176087
    512  |  3.98    5.55    5.53  |  1659701752841 1659448552701 1659484655975
   1024  |  4.91    5.57    5.25  |  1825648234915 1825375886539 1825435035226
   2048  |  4.58    5.42    5.52  |  1991588947373 1991385669098 1991386113848
   4096  |  4.83    5.17    5.29  |  2157596527217 2157316509453 2157349744845
   8192  |  5.07    5.13    5.22  |  2323534410643 2323323014257 2323305607253
  16384  |  4.85    4.72    4.88  |  2489526978947 2489286070603 2489265625126
  32768  |  4.75    4.72    3.83  |  2655481234985 2655232816977 2655209708401
  65536  |  4.30    4.51    4.38  |  2821443349159 2821159011380 2821151067405